1000 1.31404 1.32116 2.65339
1010 1.39909 1.41925 2.74045
1020 1.39571 1.39088 2.77719
1030 1.42552 1.43498 2.84722
1040 1.47914 1.47502 2.93495
1050 1.51902 1.5145 3.01905
1060 1.55438 1.568 3.09501
1070 1.61484 1.60821 3.17369
1080 1.65843 1.66623 3.27063
1090 1.69108 1.69968 3.36472
1100 1.73547 1.75189 3.45256
1110 1.78416 1.79307 3.54673
1120 1.83928 1.84897 3.66745
1130 1.95537 1.89482 3.74573
1140 1.94559 1.94354 3.84332
1150 1.9827 2.0014 3.95558
1160 2.06101 2.04659 4.05371
1170 2.11237 2.10149 4.1649
1180 2.14677 2.15524 4.26986
1190 2.20372 2.20625 4.37516
1200 2.33344 2.26765 4.49272
1210 2.398 2.32389 4.59871
1220 2.45965 2.38907 4.71968
1230 2.46447 2.45481 4.83655
1240 2.51851 2.50064 4.94313
1250 2.60126 2.56625 5.07269
1260 2.7568 2.82558 5.40398
1270 2.75229 2.69957 5.4752
1280 3.18647 2.93022 5.66767
1290 3.11585 2.99998 5.60023
1300 3.03463 2.88654 5.70802
1310 3.54145 2.96523 5.8779
1320 3.32646 3.06077 6.331
1330 3.23257 3.09734 6.10536
1340 3.24908 3.16718 6.27195
1350 3.36116 3.23228 6.38815
1360 3.45537 3.33785 6.54426
1370 3.60664 3.38573 6.6872
1380 3.83073 3.49347 6.84509
1390 3.91548 3.55196 7.00459
1400 3.98539 3.62845 7.13349
1410 4.28748 3.70482 7.29895
1420 4.41868 3.78761 7.4952
1430 4.44097 3.85794 7.59442
1440 4.30969 3.93689 7.76752
1450 4.84384 4.0237 7.93805
1460 4.92142 4.11556 8.08706
1470 5.13919 4.20758 8.26401
1480 4.96485 4.30002 8.43381
1490 5.7035 4.3855 8.60281
1500 5.50942 4.45071 8.77121
1510 5.70403 4.56851 8.94991
1520 5.27046 4.77077 9.26288
1530 5.90577 4.71655 9.29442
1540 5.70723 4.81128 9.48064
1550 6.1147 4.916 9.66775
1560 5.93573 5.01326 9.84664
1570 6.43868 5.11058 10.0322
1580 6.31152 5.20851 10.2459
1590 7.82391 5.29474 10.438
1600 6.11512 5.38984 10.6326
1610 8.43787 5.49984 10.8295
1620 6.89877 5.61128 11.0318
1630 7.44072 5.71351 11.2572
1640 6.73665 5.80982 11.4791
1650 7.78421 5.92881 11.6718
1660 7.48673 6.05071 11.8712
1670 9.6254 6.14377 12.1587
1680 6.99516 6.27795 12.3725
1690 8.56772 6.39112 12.6134
1700 8.3331 6.49164 12.8013
1710 8.9784 6.60203 13.0168
1720 8.0079 6.75011 13.2741
1730 10.9215 6.84271 13.4862
1740 9.14845 6.9598 13.7425
1750 11.1689 7.08251 13.983
1760 8.16329 7.21687 14.2489
1770 10.7019 7.46603 14.6372
1780 10.1108 7.46264 14.6267
1790 10.5885 7.58061 14.855
1800 9.16709 7.70329 15.1547
1810 12.0317 7.84969 15.4263
1820 10.9067 7.9939 15.6833
1830 11.2449 8.07694 15.9244
1840 9.18678 8.22693 16.1679
1850 12.4962 8.34375 16.4056
1860 11.1029 8.48884 16.6795
1870 13.3917 8.63165 17.1611
1880 10.9222 9.03133 17.7193
1890 13.7938 8.93836 17.5526
1900 12.2994 9.04088 17.7712
1910 13.1797 9.20339 18.0391
1920 10.9214 9.3271 18.3777
1930 14.5202 9.48829 18.6551
1940 13.3807 9.80408 19.7259
1950 15.4215 10.2226 19.3743
1960 12.1287 9.97038 19.6104
1970 14.8272 10.1123 19.917
1980 14.122 10.2838 20.2301
1990 15.4778 10.4344 20.5531
2000 11.9573 10.5503 22.5773
