1000 1.54241 1.38301 2.75139
1001 2.04489 1.39366 2.6872
1002 1.9747 1.5284 2.83538
1003 2.21476 1.50077 2.82159
1004 1.91644 1.44597 2.69015
1005 1.88473 1.48981 2.74266
1006 1.84196 1.40766 2.87546
1007 2.35811 1.43743 2.7955
1008 1.79119 1.47924 2.83316
1009 2.14291 1.48195 2.84065
1010 2.03496 1.45737 2.87267
1011 2.51134 1.54167 2.92784
1012 1.91059 1.50624 2.93683
1013 2.22711 1.44151 2.79015
1014 1.96297 1.43221 2.80045
1015 2.01377 1.41932 2.77959
1016 1.66969 1.43341 2.78358
1017 2.11378 1.46475 2.84308
1018 2.0216 1.47774 2.85115
1019 2.16665 1.46701 2.8249
1020 1.82784 1.47596 2.84459
1021 2.31377 1.57592 3.02748
1022 2.19105 1.56689 3.0339
1023 2.50937 1.55071 2.95902
1024 2.24185 1.51777 3.05373
1025 2.25929 1.51118 2.90366
1026 2.03463 1.52292 2.98588
1027 2.46421 1.51097 2.95216
1028 1.88561 1.59874 3.05356
1029 2.75977 1.47775 2.87139
1030 2.11777 1.60725 3.10645
1031 2.49603 1.56445 3.00862
1032 1.82979 1.55903 3.12198
1033 2.86714 1.51865 2.9333
1034 2.10039 1.53688 2.95289
1035 2.27156 1.55406 2.95625
1036 1.96856 1.55015 3.0118
1037 2.4836 1.56577 3.03652
1038 2.11761 1.5972 3.0367
1039 2.42375 1.53748 2.99642
1040 1.86318 1.56895 3.04291
1041 2.40932 1.55031 3.03182
1042 2.14567 1.58833 3.12252
1043 2.85923 1.6778 3.22589
1044 2.11387 1.64487 3.07086
1045 2.6169 1.60734 3.11932
1046 2.2246 1.60768 3.07532
1047 2.52753 1.61639 3.10612
1048 1.98964 1.6109 3.15676
1049 2.60829 1.60914 3.17198
1050 2.35111 1.67369 3.12357
1051 2.61457 1.69719 3.23145
1052 2.29691 1.72788 3.38692
1053 2.88787 1.69813 3.30713
1054 2.3686 1.66864 3.18392
1055 2.75548 1.76363 3.17886
1056 1.94972 1.62423 3.16242
1057 2.54993 1.6506 3.20994
1058 2.28913 1.66002 3.21621
1059 2.53391 1.65512 3.17724
1060 2.12555 1.67158 3.23339
1061 2.52776 1.659 3.20751
1062 2.53603 1.65726 3.22016
1063 2.45842 1.68766 3.34369
1064 2.12908 1.70203 3.43043
1065 3.04704 1.72342 3.36189
1066 2.67354 1.78471 3.36341
1067 2.81539 1.7554 3.35874
1068 2.25474 1.77265 3.38865
1069 2.68003 1.74611 3.43913
1070 2.63529 1.8137 3.4556
1071 3.05511 1.80588 3.5093
1072 2.27884 1.81682 3.49374
1073 2.72618 1.75854 3.32884
1074 2.36942 1.72176 3.32896
1075 2.65052 1.73595 3.37034
1076 2.24591 1.76355 3.37498
1077 2.6898 1.72498 3.51479
1078 2.90628 1.76854 3.37467
1079 3.20569 1.79306 3.40187
1080 2.14622 1.75127 3.41397
1081 2.67496 1.73556 3.39859
1082 2.74145 1.79927 3.37883
1083 2.68115 1.79518 3.36836
1084 2.29343 1.80875 3.45402
1085 2.69547 1.82562 3.38213
1086 2.46046 1.79451 3.42758
1087 2.78039 1.76713 3.4556
1088 2.36573 1.76205 3.46478
1089 2.76043 1.79081 3.47048
1090 2.50591 1.82125 3.50607
1091 2.78027 1.82122 3.46103
1092 2.47264 1.80711 3.54478
1093 2.81005 1.80406 3.50284
1094 2.51423 1.82486 3.55049
1095 2.84499 1.8227 3.52777
1096 2.2565 1.84084 3.52895
1097 2.86887 1.8629 3.56328
1098 2.54916 1.82897 3.59855
1099 2.90326 1.80999 3.51777
1100 2.38514 1.87699 3.54989
1000 1.58506 1.34871 2.69596
1001 1.93081 1.42459 2.69815
1002 1.86336 1.41288 2.7132
1003 1.93185 1.40565 2.68686
1004 1.71661 1.41387 2.71543
1005 1.98849 1.39171 2.66606
1006 1.88537 1.42423 2.74709
1007 2.06652 1.40314 2.7293
1008 1.69513 1.42214 2.75952
1009 2.07394 1.42547 2.74966
1010 1.90207 1.43905 2.75968
1011 2.05728 1.44496 2.75838
1012 1.80473 1.42044 2.77813
1013 2.20908 1.44667 2.80077
1014 1.95319 1.45922 2.82612
1015 2.11571 1.45249 2.78814
1016 1.72817 1.46007 2.84022
1017 2.11105 1.46575 2.82921
1018 1.97915 1.46638 2.82583
1019 2.117 1.47209 2.86307
1020 1.85297 1.47515 2.85096
1021 2.54541 1.5219 2.95362
1022 2.23286 1.52144 2.87306
1023 2.17037 1.43334 2.88141
1024 3.45736 1.49626 2.87607
1025 2.18747 1.46426 2.87145
1026 2.01166 1.48665 2.8825
1027 2.16477 1.45693 2.82685
1028 1.87227 1.48703 2.89107
1029 2.17469 1.50259 2.86267
1030 2.03039 1.52291 2.92091
1031 2.22147 1.54243 2.90917
1032 1.80044 1.55725 2.94911
1033 2.30021 1.56078 2.93492
1034 2.05331 1.51375 2.89263
1035 2.258 1.56439 2.95403
1036 1.88674 1.53905 2.96881
1037 2.38605 1.5426 2.95096
1038 2.10607 1.5804 2.97013
1039 2.3806 1.53538 2.97728
1040 1.88113 1.57432 3.01227
1041 2.40194 1.51628 2.94748
1042 2.14694 1.56893 3.01566
1043 2.35733 1.57684 2.99793
1044 1.96657 1.58316 3.02116
1045 2.33207 1.59449 3.01691
1046 2.14449 1.57219 3.02949
1047 2.43961 1.59238 2.99563
1048 1.8841 1.57445 3.06327
1049 2.40238 1.58125 3.05807
1050 2.14916 1.63868 3.1
1051 2.50542 1.60547 3.03536
1052 2.05126 1.638 3.11231
1053 2.39295 1.64637 3.05097
1054 2.17455 1.62301 3.13187
1055 2.50807 1.63083 3.12691
1056 1.92022 1.61662 3.16446
1057 2.87435 1.64881 3.17926
1058 2.30992 1.64972 3.21007
1059 2.41755 1.65389 3.18842
1060 2.07614 1.65948 3.15093
1061 2.46242 1.68193 3.21488
1062 2.52542 1.66016 3.21709
1063 2.43709 1.68403 3.23755
1064 1.97244 1.66586 3.20725
1065 2.76516 1.64384 3.22036
1066 2.23442 1.69537 3.22374
1067 2.45922 1.71665 3.25325
1068 2.11486 1.70964 3.24684
1069 2.4423 1.69543 3.23447
1070 2.28113 1.6973 3.25749
1071 2.52973 1.71857 3.30753
1072 2.05122 1.69431 3.29327
1073 2.51077 1.7261 3.2985
1074 2.31426 1.72332 3.29465
1075 2.56039 1.74388 3.30995
1076 2.20549 1.81591 3.43647
1077 3.21704 1.78426 3.34741
1078 2.98338 1.76733 3.40409
1079 2.82906 1.79153 3.4061
1080 2.13493 1.74414 3.39166
1081 2.64499 1.72593 3.37946
1082 2.86077 1.75245 3.37394
1083 2.66803 1.75823 3.3963
1084 2.26938 1.76351 3.44556
1085 2.6982 1.83011 3.3914
1086 2.44191 1.7804 3.45592
1087 2.75215 1.78296 3.41724
1088 2.28772 1.77016 3.47111
1089 2.75288 1.78769 3.42822
1090 2.47873 1.80873 3.46869
1091 2.81804 1.80084 3.47034
1092 2.46275 1.7898 3.46837
1093 3.09183 1.82244 3.52835
1094 2.68239 1.88688 3.65439
1095 3.29474 1.84379 3.56531
1096 2.26833 1.85943 3.56208
1097 3.16243 1.86257 3.59392
1098 2.86843 1.88761 3.59525
1099 3.19628 1.90709 3.52904
1100 2.5741 1.86217 3.60774
1000 1.72416 1.41391 2.6944
1001 2.18083 1.49288 2.69408
1002 2.11838 1.48513 2.75174
1003 2.39861 1.46972 2.81432
1004 1.82034 1.43055 2.7832
1005 1.9377 1.41521 2.70834
1006 1.84112 1.41268 2.72964
1007 1.99777 1.40032 2.68997
1008 1.67769 1.40182 2.75516
1009 2.14594 1.50737 2.76819
1010 1.96582 1.41596 2.74383
1011 1.95234 1.46089 2.75931
1012 1.74523 1.4356 2.78144
1013 2.18147 1.44396 2.7761
1014 1.99212 1.45947 2.78374
1015 2.07655 1.45657 2.77645
1016 1.71793 1.47555 2.76068
1017 2.09757 1.47479 2.80808
1018 1.94207 1.44844 2.79269
1019 2.0773 1.45953 2.78864
1020 1.80902 1.4863 2.86208
1021 2.09395 1.49429 2.83599
1022 1.92142 1.47831 2.87316
1023 2.09679 1.47964 2.92422
1024 3.60223 1.57114 2.93079
1025 2.29655 1.46621 2.86908
1026 1.97361 1.48157 2.88179
1027 2.18553 1.48026 2.85827
1028 1.88929 1.50956 2.88933
1029 2.18486 1.51557 2.88166
1030 2.03568 1.53029 2.90186
1031 2.19044 1.5338 2.89401
1032 1.81328 1.53553 2.95008
1033 2.2394 1.5509 2.93335
1034 2.05613 1.54613 2.9226
1035 2.18225 1.55454 2.94723
1036 1.90812 1.53349 2.98393
1037 2.46672 1.53469 2.96243
1038 2.11336 1.58569 3.07248
1039 2.93912 1.59271 3.02027
1040 2.04179 1.65035 3.02976
1041 2.30044 1.54499 3.01256
1042 2.12574 1.5777 2.99585
1043 2.33911 1.58197 3.02542
1044 2.01929 1.61609 3.04155
1045 2.25014 1.55521 3.04165
1046 2.17126 1.57507 3.06101
1047 2.36912 1.61145 3.06465
1048 1.93282 1.59894 3.07147
1049 2.46901 1.59774 3.08667
1050 2.19396 1.62985 3.1006
1051 2.45427 1.63126 3.10394
1052 2.05734 1.63563 3.14421
1053 2.43147 1.63035 3.12074
1054 2.2396 1.6343 3.14833
1055 2.5328 1.64468 3.08421
1056 1.95773 1.63262 3.14368
1057 2.96233 1.64654 3.15302
1058 2.30482 1.64306 3.15803
1059 2.4104 1.64932 3.13537
1060 2.0981 1.68427 3.21142
1061 2.43 1.68438 3.19077
1062 2.56908 1.65211 3.19975
1063 2.43088 1.68061 3.19484
1064 2.01854 1.64905 3.20793
1065 2.75739 1.65397 3.21377
1066 2.29028 1.71197 3.27659
1067 2.5101 1.71299 3.24826
1068 2.28665 1.76782 3.33524
1069 3.00369 1.71852 3.22727
1070 2.29208 1.69484 3.26825
1071 2.50687 1.70782 3.24923
1072 2.04608 1.70375 3.2583
1073 2.53606 1.71402 3.28111
1074 2.31235 1.75264 3.26084
1075 2.53058 1.74212 3.31431
1076 2.15936 1.7142 3.3342
1077 2.6055 1.75022 3.30554
1078 2.61319 1.70263 3.33364
1079 2.59266 1.74775 3.32359
1080 2.09886 1.76125 3.3811
1081 2.61652 1.76268 3.39608
1082 2.80953 1.75293 3.38791
1083 2.59296 1.73023 3.37104
1084 2.23153 1.78068 3.37713
1085 2.6595 1.80795 3.38924
1086 2.42602 1.78957 3.38229
1087 2.67696 1.76079 3.37226
1088 2.2334 1.75816 3.44275
1089 2.71477 1.74611 3.43593
1090 2.44666 1.8004 3.44391
1091 2.72903 1.76886 3.39142
1092 2.4025 1.77044 3.41736
1093 2.7132 1.79133 3.43548
1094 2.4864 1.81286 3.4511
1095 2.78919 1.80851 3.4726
1096 2.20618 1.82252 3.4701
1097 2.73812 1.79911 3.48548
1098 2.52881 1.83102 3.53342
1099 2.82696 1.83627 3.51048
1100 2.38346 1.84461 3.5014
