1000 1.35768 1.39919 2.78922
1001 1.61487 1.40066 2.80153
1002 1.58113 1.48786 2.82375
1003 1.46125 1.44768 2.81623
1004 1.4281 1.60967 2.81412
1005 1.41123 1.3591 2.67976
1006 1.36241 1.35757 2.68532
1007 1.37178 1.40954 2.88846
1008 1.49132 1.4589 2.84099
1009 1.45742 1.47159 2.88772
1010 1.48234 1.42291 2.8164
1011 1.37638 1.39875 2.87854
1012 1.48888 1.51942 2.88769
1013 1.74593 1.5431 2.88668
1014 1.45889 1.41837 2.8483
1015 1.69875 1.4835 2.91081
1016 1.67619 1.52521 3.03195
1017 3.7226 1.85174 3.04431
1018 2.23046 1.51487 2.80583
1019 1.48448 1.44856 2.75814
1020 2.15184 1.53503 2.84811
1021 1.97541 1.54452 2.96143
1022 1.87466 1.60587 2.99246
1023 1.54436 1.52216 3.00808
1024 1.86369 1.57243 2.96351
1025 1.50937 1.50018 2.91641
1026 1.51792 1.52748 3.00196
1027 1.82798 1.53869 2.99552
1028 1.50646 1.53091 3.02737
1029 1.69125 1.51923 3.03916
1030 1.90849 1.45771 2.92096
1031 1.57555 1.52076 3.09917
1032 1.5711 1.517 3.0366
1033 1.58981 1.5514 2.90794
1034 1.66919 1.56119 3.09179
1035 1.57988 1.57656 3.00286
1036 1.54205 1.61491 3.06424
1037 1.63243 1.58848 2.97837
1038 1.67897 1.58396 3.07286
1039 1.57035 1.56184 3.0976
1040 1.68089 1.59503 3.10472
1041 1.65466 1.58276 3.12508
1042 1.54055 1.50368 3.03572
1043 1.64288 1.6043 3.07097
1044 1.5128 1.5185 3.17836
1045 1.56216 1.62732 3.1808
1046 1.57518 1.57622 3.10576
1047 1.69163 1.56178 3.10356
1048 1.62903 1.53111 3.02992
1049 1.54358 1.5359 3.12977
1050 1.55691 1.54209 3.0444
1051 1.54477 1.54445 3.05003
1052 1.54474 1.5531 3.06397
1053 1.55766 1.55675 3.1406
1054 1.58917 1.61917 3.09878
1055 1.66261 1.6349 3.2338
1056 1.56459 1.58086 3.09463
1057 1.58779 1.60033 3.1998
1058 1.57781 1.64897 3.23392
1059 1.64353 1.59943 3.12688
1060 1.58946 1.58808 3.14316
1061 1.60296 1.59937 3.13959
1062 1.60952 1.59976 3.17165
1063 1.61077 1.60133 3.15686
1064 1.61465 1.60742 3.18588
1065 1.61854 1.60989 3.18281
1066 1.62977 1.61979 3.18852
1067 1.62384 1.61665 3.19374
1068 1.63068 1.62143 3.18297
1069 1.63343 1.62692 3.21712
1070 1.64729 1.63618 3.21845
1071 1.64027 1.62649 3.21544
1072 1.64703 1.64463 3.23938
1073 1.64568 1.64706 3.25032
1074 1.6583 1.65143 3.25436
1075 1.65989 1.65697 3.26556
1076 1.66383 1.66967 3.27628
1077 1.67245 1.66654 3.2816
1078 1.67553 1.66989 3.29635
1079 1.6943 1.67973 3.30638
1080 1.68127 1.66938 3.30231
1081 1.68617 1.68476 3.32219
1082 1.69104 1.68853 3.33146
1083 1.70337 1.69447 3.34784
1084 1.71305 1.70089 3.35986
1085 1.71316 1.70718 3.36345
1086 1.71856 1.70767 3.36371
1087 1.73373 1.71221 3.38953
1088 1.73914 1.71744 3.40568
1089 1.73615 1.71809 3.39358
1090 1.73565 1.73026 3.40366
1091 1.74351 1.74065 3.41557
1092 1.75622 1.73325 3.42627
1093 1.73755 1.74186 3.61939
1094 1.83522 1.84499 3.47872
1095 1.8753 1.82486 3.44923
1096 1.7544 1.75609 3.45395
1097 1.76891 1.75785 3.47098
1098 1.77172 1.80304 3.57204
1099 1.77603 1.76853 3.48828
1100 1.77089 1.81392 3.53086